kappa_MT = 1.32749929632058835426562020919670481140659697137373592107041
B        = 0.0561899959133228300669620702760024491524141804087642493395888
[exact] all symbolic identities passed
[exact-structure/numeric-eval] pointwise majorants passed for r<= 50, m<= 500
[numerical continuum stress] sharp configurations satisfy full c-family for r<= 25
r  closed_multiset       LP_multiset           closed_distinct      LP_distinct
 1 0.672500703679 0.672500703679 0.804185854392 0.804185854392
 2 0.836250351840 0.836250351840 0.938727930760 0.938727930760
 3 0.887620008173 0.887620008173 0.969319059130 0.969319059130
 4 0.906350006811 0.906350006811 0.979753104026 0.979753104026
 5 0.915715006130 0.915715006130 0.984891304068 0.984891304068
 6 0.921334005721 0.921334005721 0.987949456853 0.987949456853
 7 0.925080005449 0.925080005449 0.989978009117 0.989978009117
 8 0.927755719540 0.927755719540 0.991422003329 0.991422003329
 9 0.929762505108 0.929762505108 0.992502292327 0.992502292327
10 0.931323338328 0.931323338328 0.993340918496 0.993340918496
[discretized semi-infinite LP] all optima match the closed forms

Publication table:
1 0.6725007036794116 0.8041858543915064
2 0.8362503518397058 0.9387279307598127
3 0.8876200081733543 0.9693190591302023
4 0.9063500068111286 0.9797531040261913
5 0.9157150061300158 0.9848913040683505
6 0.921334005721348 0.9879494568531239
7 0.9250800054489029 0.9899780091165297
8 0.9277557195400135 0.9914220033290875
9 0.9297625051083465 0.992502292326884
10 0.931323338328161 0.9933409184957292
11 0.9325720049040126 0.9940108148933332
12 0.9335936411933457 0.9945582491442283
13 0.93444500476779 0.9950139894344811
14 0.9351653893307813 0.9953992932604758
15 0.9357828618133453 0.9957293186099171
16 0.9363180046315675 0.9960151652332347
17 0.9367862545975118 0.9962651475792684
18 0.9371994163321686 0.9964856168806233
19 0.9375666712074191 0.9966815083012113
20 0.9378952676747485 0.996856714757252

Exact multiplicity upper table:
2 0.3274992963205884 0.1958141456084936
3 0.1637496481602942 0.06127206924018729
4 0.1123799918266457 0.03068094086979766
5 0.09364999318887138 0.02024689597380865
6 0.08428499386998425 0.01510869593164948
7 0.07866599427865196 0.01205054314687611
8 0.07491999455109711 0.01002199088347028
9 0.0722442804599865 0.008577996670912483
10 0.07023749489165354 0.00749770767311599
11 0.06867666167183901 0.006659081504270827
12 0.0674279950959874 0.005989185106666799
13 0.06640635880665425 0.005441750855771673
14 0.06555499523220997 0.004986010565518884
15 0.06483461066921865 0.004600706739524191
16 0.06421713818665466 0.004270681390082912
17 0.06368199536843254 0.003984834766765319
18 0.06321374540248818 0.003734852420731558
19 0.0628005836678314 0.003514383119376714
20 0.06243332879258092 0.003318491698788674
